@Using Triangular Membership Functions as antecedent fuzzy sets

@Number of Labels in Variable 1: 5
10.57130019782533:
L_0(5): (-3.845023023927873,0.12237398308782588,4.089770990103524)
L_1(5): (0.12237398308782588,4.089770990103524,8.057167997119222)
L_2(5): (4.089770990103524,8.057167997119222,12.024565004134923)
L_3(5): (8.057167997119222,12.024565004134923,15.99196201115062)
L_4(5): (12.024565004134923,15.99196201115062,19.95935901816632)


@Number of Labels in Variable 2: 5
14.822555594677107:
L_0(5): (-3.6991716048667365,0.23625532947876948,4.171682263824275)
L_1(5): (0.23625532947876948,4.171682263824275,8.10710919816978)
L_2(5): (4.171682263824275,8.10710919816978,12.042536132515288)
L_3(5): (8.10710919816978,12.042536132515288,15.977963066860793)
L_4(5): (12.042536132515288,15.977963066860793,19.9133900012063)
