@Using Triangular Membership Functions as antecedent fuzzy sets

@Number of Labels in Variable 1: 5
5.3:
L_0(5): (-5.7316461934877765,-1.7791461934877768,2.1733538065122233)
L_1(5): (-1.7791461934877768,2.1733538065122233,6.125853806512223)
L_2(5): (2.173353806512223,6.125853806512223,10.078353806512222)
L_3(5): (6.125853806512224,10.078353806512224,14.030853806512225)
L_4(5): (10.078353806512222,14.030853806512223,17.983353806512223)


@Number of Labels in Variable 2: 5
5.5:
L_0(5): (-4.494608116499261,-1.4946081164992613,1.5053918835007387)
L_1(5): (-1.4946081164992613,1.5053918835007387,4.505391883500739)
L_2(5): (1.5053918835007387,4.505391883500739,7.505391883500739)
L_3(5): (4.505391883500739,7.505391883500739,10.505391883500739)
L_4(5): (7.505391883500739,10.505391883500739,13.505391883500739)
